--1585108905172
1585108905286
1585108905316
1585108905592
1585108905603
1585108905615
1585108905944
1585108905956
1585108905967
1585108906481
1585108906498
1585108906515
1585108906525
1585108906536
--1585108929753
1585108929851
1585108931174
1585108931189
--1585108962460
1585108962471
1585108962482
1585108962495
1585108962506
1585108962825
1585108962836
1585108962846
1585108963083
1585108963093
1585108963133
1585108963632
1585108963646
1585108963658
1585108963881
1585108963891
--1585109031301
1585109031312
1585109031324
1585109031335
1585109031347
1585109031358
1585109031608
1585109031752
1585109031763
1585109031773
1585109031869
1585109032382
--1585109115074
1585109115199
1585109115238
1585109115317
1585109116070
1585109116082
1585109116098
1585109116109
1585109116122
1585109116132
1585109116143
1585109116324
1585109116565
1585109116576
1585109116588
1585109117092
1585109117103
1585109117156
1585109117167
1585109117262
1585109117352
1585109117586
1585109117668
1585109117679
1585109117760
1585109117860
1585109118031
1585109118367
1585109118378
1585109118597
1585109118608
1585109118676
1585109118769
1585109118873
1585109119051
1585109119116
1585109119344
1585109119354
1585109119423
1585109119830
--1585109200498
1585109200510
1585109200521
1585109200533
1585109200683
1585109200695
1585109200933
1585109200946
1585109200956
1585109201343
------------------------------------------------------------------